#timestamp:2025-12-30 08:59:52.559264
#header:count
838
297013
31427248
12
733244
515
1141529
4344670
7987245
381253
46
3311512
1038381
2706674
3495
1274246
7451973
2990419
267611
3303
8
1312009
33316050
4416021
1215398
11017
14570665
325
143
789644
1214571
136323
14469750
1011676
714822
3056412
5629
956615
2
435786
2929788
11216419
2235039
96573
1152615
4172273
709850
15207
42883
2889401
12001
549622
22900
33
175118
222131
7657830
2192596
14887750
39
712963
12
23501220
12691
131642
96943
52890
2310810
42
81344
2370751
56946
3671545
741932
662416
213
39982151
398
4198516
744542
2
6646317
843688
49402
2
1
4072192
47016857
20114
1042283
59
20754
1029245
2016503
8
483
22363041
1892838
561
28177721
6081642
7261
5995389
19
24382536
33128308
2
2314071
20032173
6694220
1556102
11429999
12698
1194165
314536973
81818979
922
203113
624234
2728943
7567967
149
56848525
29586445
1879167
5157644
33
177494679
355
86532
2990610
77
10169372
2848793
6639277
544532
120023
1346178
18332497
156
1997146
387979
4479478
45
744010
42
258248
210
393813
17363671
85618
28150437
3932302
1935005
12761011
10031889
2697169
9847312
106824
2945450
35390077
5291581
74146
22791697
459573
5674
2088756
3246200
12632
72446
7813854
14
27192
17561
1543595
278473
1345620
1143
8770496
3985017
77964
1056939
740622
29660
1
12500073
413446
3041298
2599585
1520208
133915414
2218831
1267919
3476378
429
13130
69236
2575581
4694
3433275
146979016
116706
269383
4361932
3376865
795055
22432
11957367
129336
479803
258870
488154
101317
33759
313480
27712580
1674159
1420415
19778058
21316
3674270
409629
32576
69434
420042
773
778
429
314
58986126
12670688
1303666
10318
49936
450441
155
3411365
1357579
2771514
336309
9949305
610917
369694
442387
32529
288926
4494302
442278
9057189
87344
659386
21499
19953519
16640
378799
81160
35495160
458296
680091
433169
982
131640
378876
1602
8594
194499
3347285
6128
17454365
26663241
917195
6771894
322839
1930
23998365
20356
3928
8155239
757992
255300
35
3402734
3199424
148117
1650
4568446
93
499840
2388210
163571133
390941
132
1082138
517333
397
5
83791280
1660869
1076953
297
1
1748180
87
12
1237707
328221
2
1765741
2504778
10453544
17
857942
2726265
7324555
9842
1248879
17601365
11160062
38
582731
41903582
1069051
777
2137953
5
6701798
2422668
2785
152
313
25498396
458418
2252536
665228
93082
27217405
4891061
97842
1426839
5093894
6989602
554134
1108456
1
26
184062220
23119
169569
1721700
44
1057866
60055286
5042
15
28808107
4715345
361427
2340
8269208
729031
1696420
499598
31241811
2418890
822645
1163
22788070
23
15356047
117331447
9233840
383352
408662
1747317
9536222
6539903
83685
1581674
364715
8246266
6569607
798359
174
42
1081773
22338
6384033
3529832
2148400
1149553
116285
4209924
322988
135565
1012740
295368
10808855
386906
18038074
2438
636
25009887
21203
1262230
1314151
3557392
38668961
2230863
1886579
1815
3224306
313244
13961
53
20289593
1602477
5
10699647
198
3269126
8958418
2155279
5282211
28667223
4178571
3377
84
25
809
4
4
12
122281
555594
6734607
2388929
216
27931
271772
111888
1985670
3182031
1
9
422368
542199
12670688
13
1506232
10423
208438
184692
143
92962
4411556
8862210
134
829552
133042
96
236526
11952549
29054459
340690
923627
260933
1601485
21334377
2716578
964327
480
673287
18944
115
17895478
2573351
242392
834635
4213440
656031
425568
292
132
10352430
2796
1
81
245664
1072779
433035
391392
4800657
4008495
49435
2680860
279
2319573
1299763
2339935
156255
2
16464942
923233
594081
51
4574556
761277
5915090
45587737
10878594
967618
296936
3444704
7491
1498400
12314
297845
456138
84006
2642
13
90
192924
3304968
20142265
3675368
25
2898
4
5352803
8520915
339001
2550029
4084
1227117
1140343
36030
77481
1456783
10853
2899
1160899
1458646
3170677
1132
17
340395
106471
59579044
155963
2418768
3187
532440
761583
23242
1325
4931518
115517611
605
3263146
7527985
5
369034
20287
98
3660576
17867643
320
1521034
366295
2003466
24518851
234
778693
1073035
81787
444022
22445083
66343
3359213
255
16882175
804870
155441
4371002
372972
439394
58053
20826748
8
626819
1
906
8
283587
123482
3023
39777797
916636
2638
394
2208353
42832
281680
3493257
670880
415
1055677
129488
31639911
14222263
3239581
2317
4124456
33143860
80033153
443216
4010840
12670688
157938
1149705
63
198988
212581
32
569
1458768
5213690
31596
544781
6419
25273270
89
123115091
91517608
1419319
9303390
828150
40898313
1117278
468652
3671810
50895
3912984
86
609507
8633
3334069
1
836373
192360
45459
3275278
88164
22583968
481721
187
77236
467218
329612
3158185
40
13927603
4047
40379503
3
3727531
6
7435244
149446180
69284
59798
402
2181881
87
7179208
4482794
4602162
3103
46896467
6903
268638
8384062
446318
1848109
240239
2
6393233
30
6691426
40
19336
595
5586426
12670688
7025688
7
1345
23196348
8545506
38
5308962
134393762
16876853
29482
166786
863103
2548
7180209
9377
8314177
8059730
5156773
23577
552418
28274
363
14850038
3270867
93650
6383804
1
4042699
32274
9716746
52912
492940
609744
3819517
14420089
64958
540
1266
44
124695
2044854
2638849
1056
4616943
166
181521
10643834
251911
13746153
2
3726917
3272745
187
1378859
1197515
79644466
5479
46329281
2
62186
10519795
7
2506
5070118
375
5133
2396567
20981887
141
9531
79176
19046
322949
11265853
384
10246670
10011427
808000
12670688
27429387
5367917
3402996
36756
22152
402292
4
4169
115
50644483
30771
476184
33664126
62
5651
7116
4049306
1193785
721572
4948090
166878
12670688
709905
138166212
6715099
20981310
98520
82399
63529435
18
1981036
20771733
16123
191
4716
176044442
12670688
741143
16776
22803
344179
1274246
36
6600
390
1682
1852043
1041462
18
32289
3184187
192085
20767328
144
157
4261487
1437
853608
129503
29870
8162330
167151752
377014
555659
153226
1361162
21
2796598
36961456
395263595
219676642
706849
852327
9910492
510268
35514
888
4777
18
297338
552987
1550870
561
85688
1695505
16806250
7450821
183913
2986350
5529
3528
43164476
85
76368893
829617
3
4162962
1553473
630381
4447994
7
25441217
335
334563
807143
31345176
650095
483010
325777
132
3556
805907
1644292
41308
18769
212
733922
1505791
1794865
377435
170883
701
21901236
10739246
347628
2164274
10287
7895619
170
651952
68744
103034
1743
1378845
10844
208074
994340
6174
13749
268358
19181
1958166
4495383
907
3158642
1303432
2487826
887547
93002803
919729
2026329
3968204
905357
3798161
2552971
221676
239676
68918
47793
42210
647995
9806177
307201
94506
145296313
34441731
5
5526243
18478
60929
72210
59157
2606582
631886
914503
736758
1748301
1220160
42284
204
33450
908692
4977560
238930
842033
8986
62712
15144871
3142388
4526792
12670688
8633795
56697
9780
93958
10
1087653
300
361
2423907
122018
7652
1
745531
68910
41
15
5275192
178657
15919
13472
2582792
4914158
46736963
87944
413
150
4189400
1525015
1274246
13951
1019997
1793656
2361
113106
44853506
30067
108
35431607
2930362
74
520584
1649812
718
106159
1302
1098747
235571720
390589
5660012
2
22039208
3858632
2592293
3167448
27172099
20500552
18
7
3279323
442855
742566
15511
4117203
5919
17
1263686
2186458
609749
101096
939
15
16911067
723318
5680273
3434613
4
8651
3379892
4
3058
204832488
676155
77744
43
69165
2304759
493795
4827450
8001443
2339360
132801
113196558
1274246
1085696
23
2130031
89
70131
3937234
3445963
3026
810422
799
93925258
11395781
55020
14320684
3821525
91
3198884
21511
141992727
2294388
19521327
2106306
36024322
305116
39237
1967792
41885384
99
2544662
12612
2841425
7521848
163578
689964
3
2478341
57583
467
569220
431436
62775861
30530824
8345
11661
195961
9639324
141856
2766
2101276
7299978
155226314
1411230
5996434
27462
366454
18886765
7686
16
1292885
185594
1086937
238004
58914
7029930
2891180
8501
18100361
9713013
109
15415789
2912
1568877
1
7444655
12377195
65
2350055
372780
3139
8579141
4109355
23
2550
151
1602
5905071
1208402
8189474
192317
992990
792875
500278
43
55062877
2391817
610248
480296
2353413
43026
3415
59020
16935160
19752
1274246
182326
21465639
869551
16045
3
9745109
46
7450433
225937
1366388
259120
719854
34299
1152
2861593
15
7508267
21120
106330
490511
54
2272954
1274246
86536
1060799
262
4706589
34890
3624263
9297425
2550704
1035
22069968
2955329
1010816
998259
1449
12073610
1257642
19897165
2061385
48113797
29669
2540888
21537017
253317
590310
28607950
11059
6337107
2077
3817896
43084
9640
55929
1231412
6470556
74401
5557176
171670240
926
3405656
14061790
1009925
719681
3520403
487741
1816415
627161
57369295
440531
2188849
1177602
481054
714775
319
11168
28388630
237089
299040
1087677
1924468
95822163
37460636
20944
9348982
220101
307
933
9255825
10309363
233335
118
1286004
5787495
1250614
1
24598707
126
2
774118
301
81
433669
9123452
4509020
243432
3029927
742689
827091
13947885
77105179
11
1179391
264782
3
1274246
183
267031
27741299
54952
3351
125771922
623
6279017
331197
180
1776
1
9742
124
7357451
164911
21300
1659268
10178
242913
6
174603
6
15369877
35943689
49062
2269807
2420446
1808399
1835008
2429483
611930
2
324600
313416
1342773
9396653
37381
53067
2145822
3495114
318775
2157905
24600
8164
2196840
154
461797
2677141
601607
1287033
2636554
42
16060
12679125
6180931
29
3478012
135535
20
108652
6793
1433
16819208
10106
145747
8212042
645
1129120
144
3085879
162858642
23612720
1655
15313530
15388371
5900815
731955
4798120
1
63667267
39
7320605
1011354
280306
143567
48851757
3761
1465
54
161050504
6
11954185
680363
565980
268050
57791271
16385
3844
4544210
31720191
18417760
56
1190546
37
1194168
1647983
1117600
33229
705019
919315
10434
289461
16236638
145
401
3312722
1
36929
723936
68
11245281
399
174
25974548
305
292
43123
1977695
10598
32372
12673062
22538621
1123900
7755803
7112129
17
10304
801923
14429465
73774
176075
347710
15126246
481
23909157
38647
413666
34
3567050
3215505
974018
54660
116
738091
14524145
2903811
18
59971
9280336
923828
17526
2022
794571
9976778
187995
17449229
17200279
3101431
133
41826111
40004
1345374
2526978
11513909
9451286
266453
102338
266374
178
700468
572824
9
134455885
224
9901870
1425
17752
2171877
604100
21542832
48
2813791
1703
20918
147
5126154
12670688
102445
269247
1
683373
514397
22925
12494618
20373717
1870752
887235
659015
3049296
73
895
3
138019
34596
15
100520
3515245
1244469
42138
1905665
1440214
496765
410
773084
28557654
9734625
1224837
36660
8349426
1274246
3304867
290
601626
16006
27583753
903904
7
3679514
154778
1132106
131759
138
1699
100094515
1894
449
39838
21238025
26
45
162031
129120
348321
27825240
4300983
1163985
751467
48
8101208
35182975
723
602
20938567
61133040
1429100
63771
262
28421208
91330
8370000
202236
11906789
127199
205803
225
1476939
1281573
1002349
15071506
4709454
343036
3336038
370833
571138
164111
4659
88856
138672
2381180
3002793
12670688
699
4434889
320659
6464
21318452
12670688
56579
681850
662213
3746419
175871
5761
4086471
2595968
1190424
31785949
95475019
3011766
3744598
559185
65108
927775
1274246
14
22146
202541827
30
13007
32712991
200
133973517
1461684
1362404
5453192
30632871
48093
22
71951
138617
1052228
331
400437
323
13455840
8147427
3538848
8425394
503332
1092
465
14806659
2574060
754670
71025
433559077
15471846
482
26698
3649323
6963
22254183
349314
4902610
280503
344709
10502715
2651
611169
2660732
1073704
2511
36174
1857471
24
2846661
1513041
1656965
3502095
1774819
12216494
10204622
234863
427
1636369
392704
3203732
1134591
1487773
29744
45945
90067
6690
953509
596677
904776
168
108264382
5070101
97
382939
4297003
144750
2465838
78
1260916
40530
108
12
1190
19109
29568
412497
400
16991
30
192321
533
2205835
12
17
62338
9021188
154035
68379
1776818
2869002
722711
966
231
9
3082846
10071
1415687
21866280
189629
506277
4492
4702262
1152708
1539843
28067
367622
19725
485199
16773187
11461
7748435
422830
22
552862
2586
143028
1
899395
2090311
1201791
7
15278341
129891
109
2818668
56467254
63
2
484323
385
27981306
35
114331
111888
1081567
189656
26101850
86826
726
2010943
5
731
13376
66698
224912
9
2578140
200341
8155629
1524
25771298
83341
14946666
6003621
99214
9481
1761339
2892583
4763
22253129
5605381
5116993
1028500
9406
1980
3430125
941151
1577979
223427
199076
13
1553487
347
7230604
64101
487
3346065
779
23352154
7421510
4141386
4210919
383861
170339
3784432
2362469
1878221
232749
10926366
2414214
2420350
14360723
1273184
3021251
11171678
3287802
637
483966
48830895
1
656
609
738068
2462042
11709
52545
17613592
1350
23870265
2826499
9437
54
417944
6535964
682527
3465448
108
37055
10215855
57833
4165
8
278025
24445
53
141456
21642239
33258175
455074
1748
181
849974
65653150
17288368
568458
1376446
1005989
51399
11
269233
3
1
239324
496758
5258
652956
33892929
24534243
83514
2401
3851735
550652
171082
740451
723
163497
2440735
5946
746741
68
142233
369093
1609
962277
1234891
43
1082953
122728
4161543
83967
41418
1494318
3469
311847
4586697
5469762
44884068
2325689
3995193
95862
4
4654
849012
506
373402
260
35463041
172494
10884
3560342
3481364
2172
2
12483
59506
5257
1314176
40
4142
1407181
3488504
6378299
283940
30
2679766
1938219
278245
4330775
4388540
39686
3445209
4542806
29287048
1455833
2
1302
353001
378133
32996314
230
3
415
10480442
137108
4
7
836428
10138180
352616
7612619
13527
65
302548
25
371120
67995
1105906
14139
23985495
4223107
149008
4348577
2193
604056
19707
788173
19327272
4239444
145165
1216062
2323
213541
1580506
2736148
238834
34560
25231996
239
278418
153504199
1
244582
3444999
136572
24305210
5
123954107
13842209
40609
154
90
122
1643614
108
52790
179982
742525
347835
25
35
19403
153241
6148
2992268
4054
6942
247424
2912197
2556644
1781571
555536
1
74514
6
2769140
114611775
4125516
2784794
4367171
692621
93894
256294
2954175
3757185
383595361
1494952
568847
1859
97
5214
10541
1038752
1211129
4201607
1501045
881499
1798209
418635
2541846
683161
457568
2395835
1178225
499412
203949681
850068
470351
3515846
12219
6436446
10091442
1776
1145745
20984623
7042373
351194
962490
3071180
15513403
27745898
571879
1900694
128681
447476
536763
2
9377
95
209862
1
1
1890789
1188901
800670
4447472
143529754
374721
149522368
234152
61691330
71798
127
55815
121293385
2126803
3138
657363
39468
550826
6679288
2826
2662516
75244346
2560345
13915736
72287
2167301
1177446
604722
5
69745102
467830
33
23
15815
45524551
104836
1834102
27116
1274246
1628608
140095
1888
6839
3231295
2419813
4181
1450495
6335879
1104013
12670688
18
109590869
26
105676
7317287
4014391
579149
36470
5504164
4366492
16112483
8526
233508
22
5132
2
218062
32
446
22576827
172624
151867477
1
440874
286
13466386
1971578
692754
12
1
2067797
1287819
167020
239
263562
306800
1970378
224291
20248157
1212659
387
12670688
1485416
2058387
142
85281
1485986
389926
527
1
2003444
237
8467123
1553182
229146989
101180
233517476
12733912
1646
129283666
110908
21130
408014
102
42
1066791
2
39
511578
3242072
3515
1264
1666152
1258
3011344
20710936
21934
32
96763
152914
3215612
4332228
14273399
831762
51843484
40
186774
72912618
3835855
160
15283
8724
245441
44013
1003207
4704
6950
74449
442
2557023
10722529
646059
14571
532
4764
117746
30961
1789077
9632
91
48290
2767702
154417
7381
4055
12779
1
3197881
158
70
2405
20427076
25623
9242279
2603873
373311
31
21
2200993
906135
27650821
1049530
25538685
35511516
1
21047537
232265531
24625218
46
9
2481104
8275
123368884
157517013
122142
1951
1409587
7112042
88338
743247
279058
5772
1456823
52
620
194595
1395793
1663552
25542
142791
345
20500437
230873794
755808
25314
158278
12765
538680
20215288
128
49
3928493
104527
861025
26977
280073
2759896
703
2397667
211166869
450441
13270072
6547
2
1
234
884200
1664669
72723
1599
196443
6925120
10401715
166
33197
4020
320012
2512886
3631497
1699205
381
2582194
18548425
24130698
1538
9702539
1137
4
2454716
1967169
21717
274998
723527
4137557
77
65345
85983
1263720
694333
10698299
736096
804826
19733345
13074696
824180
594
3697132
19149123
141342
182269
60
460962
5223320
3151997
7260994
439
15548467
40983
2522
1015885
3787503
81
27
5717
490985
23523
157519
3496915
4
2
1061545
263241
144952
588
538711
19
7297
398969
374
2
597105
1766199
1217
128
3492339
353292
18863723
103476
23144982
8160859
706355
57041
1001
2389670
286
252311
630
458470
377
3311986
5058835
1360296
3976904
4594715
201569
9812218
102
1684825
4840221
22
3821596
99160075
2434382
37223562
3697680
87312
179184
122
3943517
34802
197442
2148578
2215414
1378453
40
1533350
910736
4
260997
197320
544546
950
36182116
7363591
5920
4949581
34
17115457
620638
94564
158753
617361
123153366
357772155
166
2162755
38323
149499
3521098
17738
1621510
958548
614748
950758
178116
7334259
3911792
23507376
21976
751073
305711
2
249533
2751156
455476
146279
969637
18
1607
21204537
455661
2323
215
769
313203338
81066
13
593
1809081
6
30096183
103260
36127
15385
1
13778220
1162572
178415744
151
4919693
5241773
420596
516
9851889
125500391
59
905739
1022433
4491600
13379
40057
106
154544
45132
2927125
15905672
221851
27379487
2
3771325
1483790
1284670
826317
9068632
1127998
47004
2040
7312976
829266
973853
203343
956
244917
405080
209341947
1865836
295
2408807
111503
1557328
17815848
29657
2184930
273980
27967
906025
903963
1028401
2088777
3627829
1870044
4742249
15625263
3681903
2
12029
2752156
54
29
110339
638480
5159047
1264522
8378335
122
30
12036168
1238
18929
563196
46002
100615
8062293
5413745
178152
389305
495168
1293474
182442
156
37026907
39205
17049
6882
29690915
91
2438717
2709
47470011
67
1079115
265273
293889
60888929
1311242
1252232
1523
21429633
346755
204181
66
23
26635063
5526620
22916
284727
353160
65794
37495
234143931
336821
434
90
7474409
1228119
25523
2897147
118627983
31
98
1286
134317
253978
790
32891494
28
2269296
237
164365
2572352
2865113
919726
1391
445
6495893
1175391
244178
5
6850439
12670688
482248
246671
2442078
122443
19807678
203
869
505
2569238
33570660
212412
124
2443262
2048
2
4299407
561
24566721
2
193
24
27018075
3874797
344739
109997954
317184
87358
294705
5829329
4529650
42286
10441350
30
1787680
809210
64087
1568023
18830821
1704693
1822785
864
894683
1032585
199199
273
60001
280
105
2449385
6209077
23
3314396
11819
2820
6236088
505404
1344
129499
24285982
19714
4883399
2850016
3134276
192
6
7440
914896
875700
174909
15107791
11047
30804615
22402270
1065306
1686837
2
455634
3522279
38150
6560138
1751188
5489474
2432
6079841
1751725
1525294
776551
6836148
13102206
79
2291661
2566863
3041128
33
685
3119
752
766407
44162
100
108200
57495630
2029258
23572
9104765
272587
25953612
202695
7555
213876
12670688
127469895
29
324908
2717801
302488
121
19496
33387
131332
17
2580744
9229174
63
500629
6973
1061613
13464654
1138915
101278
12188906
2122367
1892
96239
3060
2806973
9002
507089
4658281
2303172
110008
737291
2121146
75234
1
4725976
227
594929
51375
221904
656004
4084527
23272
7800129
30040
4032
539873
98
201
95157593
802984
5061
192
14692654
1939077
454522
1723656
12512414
107194444
2915351
909
824694
278664
2205355
1062
462
245
1246614
1241967
1159207
61597149
7
12018
4914589
2184
1844163
8803
3894749
660467
19249113
786759
30526532
2058908
251219
9445862
80092062
183490804
27917
313707
150617951
2501999
1274246
3843
5359286
32385043
30844764
1878
20641
1735350
130498
11354879
772
308
13261
1675097
7103427
13582
36983
1370630
197684
294
156876
7
1207
30295684
5157653
218616
3972373
383770
6962778
49466
675053
1986
157
711975
214117
911328
2905
16171946
28494929
24192514
193
9845
284402
7427233
562741
13272857
39
851242
692200
90768
90
1070
184193
234414
118255
39
167982
150085
466926
26207
29447348
148
65087
1286
706404
132
1437039
4456708
27620
64674
5482738
9358374
38667
31278533
3474564
1234719
4
32172330
452271
76521120
3352974
537661
696244
10934723
42638
6989856
30117
263625
457
6886387
65
2
672939
1429985
582
327572
1510777
2961356
91293
47507
4565
7847419
260
923
1083160
25738007
764239
8
84190
126500
2833992
124888658
337372
870812
368988
1245303
3832177
5971544
36089
4774075
1901317
2651872
2590363
487301
304780
15622776
975999
1849
714
634440
353
178
28309561
2490953
57605
163162
8078409
69
238072
14989341
760286
27595063
382937
140394913
2965944
410873
514
868655
29251877
85531548
631654
1
465
405134
1832689
191
75270
32334029
255850
5273639
24
12
1462951
627390
19331237
14953880
9685
12901308
14606001
427851
22515
469589
1530348
18087
148704378
1008131
426377
185406
25360
299430
624865
193456
11778970
3240229
289583
18590534
1457490
579993
67755
1879357
250
100359
21476462
589798
130700
116
366430
20
7993626
76
106230
3785490
4830689
3852
33004718
34983350
274387
260
137665
169323515
68317
6
13421216
169167
317
4225570
5776641
5902323
3993953
299349
29932
706355
197655154
101685095
230
246
12327
2
13148
3114715
890676
180923
835488
230743
71138
371661
108624
208
4342301
12670688
4455061
35459
148494
38
7146129
6584
62990352
1952144
206587
218974
4131893
2740995
376026
8
3
3523328
2209262
203
23
1140327
11
26798924
513284
67142
1631604
37
1797897
3195488
70
36774
204771
356359
580
506
1139862
312349
11655750
7286993
59769
77598020
637796
49
513282
754308
440180
1349045
2240
148
325
61668
581509
512202
5502
3888
3770262
4220379
7337358
183352
795884
4982266
873
36140
736983
203578815
6809
11889
28996
426142
340871
4491
13215406
1814
2907802
3477390
24058339
21399133
16431
88632
2276
270
129298
2260728
428945
33191299
1039
13
174
23184
1133559
35753085
20233
314429
977143
3069
11552234
5832
2876300
1717654
155
96662936
14132871
78892
3565
252922
613
3520875
492330
16
6444458
19988
57926058
43734
1285877
5684839
7480894
5
91923
1325
2056564
2214440
2146275
1425
3
1070004
54358
4155104
68
773674
23931879
12817356
715973
1095537
107065
2624056
6907
33938
276
4006970
89371025
304
75703
3546103
14841
22
1133
12513
959206
22645
33357042
3556278
28
41218
18421274
8400386
4350874
39147744
3556772
1068192
1524289
61
200375
7
6
70
56
5677299
968365
33504202
26428454
210693
18582774
613412
4665625
991065
23920
404973
165885
265720
2921592
12599
166
27
139011
72027
466814
1102723
4194715
227154
13
1133097
23900796
922
1880278
17540885
37163804
11002255
41
803
25917809
53439
29857
37761
2319
47493236
349
4141648
4697311
645461
286745
141096
32592
7209513
4102777
187
18814984
905
62558
235890
112
10499
1080314
40
44225118
567061
33132092
1148612
279
6
440237
856632
964948
8057780
1
13954
23857
367780
9
4208825
2517499
132
5347617
646364
17472801
1466736
9391
10592
170354
1684318
4536
1403923
95
890676
12
480383
5441062
221322
453746
2246327
27
8627
1155
5454222
1355150
3009431
229
5213346
191283
2128882
298904262
86217
848756
3306547
109827984
314761
243161
22
2795378
2626961
123220
1496538
2559703
7252396
12670688
32614206
22901284
125
29173
6631699
440596
2476862
1841514
1350
373
10411010
134361
1577142
9201261
2553391
28
161634
12633648
102610978
496586
1315627
53935
6412
142632403
18542875
4710859
1
14
141014
35576913
32326
20
187477
1
4974879
4008037
765105
55514383
27607955
6
3275
17164157
13555184
54763
6333531
46
159913
13662
1073
65
1275210
13141590
1548
193
1799
4747
3227923
106939
57873844
41269
632
3
15858059
1800972
1747236
1017
626775
3093512
10771
725315
23684263
33203
10678683
52166
125546073
1
30020
1422065
319220
3134565
185222
2439190
6178
34034
86920
80
1481671
4596147
5274900
1
11677412
76829516
451359
481190
729828
540416
2217
1478437
416730
93378056
11972882
283161
16
2818289
1659899
1136394
18841902
34740
142804015
2637449
424419
700
18921201
165
838903
160
492
1276334
17555966
9306
378985
133677
1032553
271896
7
46358618
1173231
1487
5
853271
1861076
2974409
33
26445592
105
51936
448902
169457
2572
25
34507765
3084520
1412908
2443120
169
5
666601
529044
32894838
73
281551
2
9946
6
206884
15390968
355007
30
826337
139004
54
5
9
856871
1049002
504867
447190
334161
246
84567
207836
4582748
14
3902663
480316
209733506
1125
108
85
1158588
17397
667562
4933
377510
2433637
397756
593926
776877
899606
610
152000095
1996151
3557259
128718
76340
662748
84731145
2133735
1240286
534227
94920580
10016244
35426350
677541
330
9749
224904
115593
4459752
3868
1647418
30412601
1
221
260
19524378
11500144
3793414
19
50863139
919259
1813580
13255
768663
18220542
12467749
5688
29080426
19
8393
22876
1193170
110494657
947534
1446
79754
9733
31
877154
12463027
39587
12670688
21345
20868520
635
756656
37
977911
353326
487854
7073920
22910089
714093
4840920
343816
1873
2
737879
3205151
24500
6
36060
350
3144
2287668
4
610
10534
4660042
12332811
289861
30132403
11855025
102
13658
1
10
4204012
1220136
229269
223678
4168498
447516
14
68225
5955482
14543460
1381
3455739
7439807
22923
597627
56981
432321
2317023
97576
1848829
425568
11162
2897862
32
9
1
3391838
701474
137115
6
3993612
5
3305397
9369020
301491
2350927
5362
3274373
8342
12378355
167360
1724615
538
347213
2
26023
7092
31
225632
41
1287
950694
345572
62892
3
8685
20122661
39114
48
657
19273089
104236
5697
6626
2
592024
143
9
4737678
2650231
3403022
1274246
487278
1527068
45200582
298798
1051
221
11523
10
640693
6323
7
88290
3102069
82939
488102
19177847
21110285
153
1166037
67765592
6
260794
29863915
2990111
30
158114582
63900629
1361887
8
695
519008
446436
1160088
514
2342
30086
1876865
299235
1
6485719
99705
6190465
275248
305766
430
70640
120910
5912738
4208328
39425
4637194
8718956
3
4483330
12359600
20
245057
804424
69391
461861
9192653
1490229
120417
2304
3
718296
1734348
2353753
89748
3713124
25739143
1107102
5993773
2020
3379185
463868
43819
7595932
379
198280
32394
1239196
250221
10
515
1501964
1874100
3253451
454035
1582119
79930589
9051323
12079771
443000
8526
72644813
29989
543
76
546477
151385
24
47114
9114086
54142
3951
130357
7
115135
742300
9417380
212142
2503305
833498
1138831
54
27920406
34
730
53178431
95236636
47990
33195
1274246
19663
1354335
1113
362336
14473925
1347819
543012
84942
2471348
1
4790
48
6594815
441804
126393
38508
172
10390579
107
180
399972
879841
29
1006019
3918638
941554
2267649
362662
319
480
52527
502550
69
4166207
63
47602591
1362566
2309
96114712
1084665
17
14
7159945
61
8104449
9778260
57348
9
1109914
766296
705399
423209
29332677
499827
36
58388
36472625
12084978
1930075
132311278
6147820
526409
459978
9
2216272
219
160714
2423093
8546221
573936
3671786
708754
426884
56835
42064
4142
77925803
8244
141
22374461
1068085
1170959
19221295
199
64170926
10152905
13625959
6137571
124272958
2596371
2604582
1198535
101
2414405
8
368451
400062
2725549
34165
25
2771974
2851872
7924627
39863872
40040288
17501949
406
57
3372159
11841
561269
7
1677740
423
14880356
145
207
328236
4430555
47
394174
2761205
484971
1106364
114
3750033
13059
3
119727
6909
167814
1063450
20886545
22
32180646
1
84988
3843492
5688802
6127
2841491
788
1811909
49984281
60339702
1274246
825421
2602411
1297979
1447244
188735246
59
3379866
33962
341501
277438
85543
591
353562
85012
315001
3593
76882
4461
565439
6172904
1207478
9168317
225
1027110
525070
273949
21368329
159473292
142054
4008037
12
208334
1324212
12645
824468
2312463
287440
14709511
3
65692339
89898894
2933652
974641
37544
2296
8118366
1995417
120891
29283976
1
3463106
39453245
44634620
97028
76303
44570858
18716
40684
558041
367435
51315
1893495
6304499
6003576
1400364
113
13900534
198114
600339
326794
32681953
28598
3187691
101142
83183915
1
172
147122845
68398875
24543
345193
701432
7695340
32615564
28418725
73141
3089586
1243355
2109092
10196535
441439
59165385
625581
107827
9922924
1564
8495
62721
864903
719676
1341924
4792092
2438779
269384
8
245576
2301172
34676
28
6347403
5526
3411496
2355883
358
4117801
12
119284
130
39057
198
1009641
3107616
1409242
15495
88
31963525
169
87174852
573814
63
713253
92
3973318
4648
638
516374
2812822
161867
2316228
1552279
497524
35122
707
6019224
1356575
1131076
6
2515032
1500
331809997
128793
500
1136443
59270902
1894483
687
754
297781
155
143
559
34561489
458532
1712565
3611227
17
836519
623586
36192
38
12524
391
838321
1192
2695108
5565
360878
440
3339335
24
5107743
1918641
10039501
867
1724367
783630
1183287
7077066
23394732
5512
87
536096
1
905
1350382
3904581
5665372
2200368
10653088
65286
1123999
513
602320
5209011
75
944967
2858028
1621697
4235213
296348
89977
14
2069517
18060
1269404
14633839
1750129
1704
4684433
13547589
2485255
127
133248
1350178
2742
12
420058
5131636
7920
5957
1473
40027
56880
1064313
1330601
1847
6498655
314123
42690
1758272
33
1214775
22
1160018
3321
4354840
1499753
7056637
109697
998537
316568
130068
6732405
43
11269436
138010
1947444
625426
671278
6238510
4408120
1390901
107
2127470
5866
9
266407
18280108
12597432
246006
1781253
7659424
1862
4716594
116375
392897
11914691
4359715
315
628215
4636597
72754
16071
130461
501677
18454
2739335
73209
255
21572598
484138
37231
42402654
164294
42901949
30027626
9446842
220667
1025670
648
4444895
1
36156
1
3491355
5635566
112
8424544
35200074
11504
94252
995431
48584
146677
792297
359141
1471397
13161664
1493231
715217
3340
11438565
403
1509
106
763832
930468
1318085
414768
1015658
2291438
4323131
31155
244102
4896
1163974
141039
211
535461
29965580
1538000
704352
367
3593328
9984
199105
125664
24130698
19390648
11623318
1
109
119727
58654767
1614
346834
1920505
233
1556524
1993327
667951
658940
1509
9917346
17079334
226782
815464
45166678
11579
711586
52389960
193982
372643
438439
21499892
13864192
17905810
5394228
2676
2587
642
10659825
17324491
1
1
55
370
356274
162551
134080846
954151
2245
1343588
28
12041232
1896804
24556705
2861254
231
2227670
3650730
13580540
57139
732028
239081
51661887
22847198
51701
7605
2553609
7498043
28166197
2512383
46747
1
3
6038
3326189
7599
1762321
24852346
277
316
6421310
3561543
1113656
3688
3324598
3324404
4676700
3361221
1548
391591
63273
649
12
435
1523018
8313579
61665
10680
16533757
322388
13242600
18
605090
1655286
1029487
29400656
7
3111787
15965735
9
3829546
1639918
486036
238
3171
527068
21
10384916
220
49610
4269783
179
734695
400165
8248870
29247
2651872
3382
4732767
1
118
2546676
2264746
2608
17460
309187
47800
11
1
3774304
3
481172
6402167
1662011
1380742
2369736
216
22264
636738
4019820
2425085
3907557
7912656
807477
1584686
2400263
1264091
130473932
293
163032
24130698
13292008
19960933
44674
360763
82589
3759304
14899
1893725
646438
3295126
31307
907273
23406476
4326365
1561013
1223851
916046
18658174
2
4474949
1553926
163530
3338728
125182
2083778
185990843
144
23
8
821109
1093
22239
9090766
2268028
35286
6573800
362939
2370616
440628
108854
20045
10226660
1050870
51668834
170616734
7057
9288953
11577086
3140
91252
22560989
3
23842427
3788302
4519
58
1973
95271374
6
161079
5882
4443602
1421851
482847
3120776
470090
2886164
2203
300269
15290884
131
8286
17
321741
865
294365
47515
596702
503555
2861343
2395887
100018
723
88961079
6834
6603
73440
6
15118747
4488624
983305
1503
72639411
934835
1579
463527
63
15247603
351495
15328873
14002907
161204
292
26443187
41748
183
176011
552843
643
2
233763
23710
77774
227780
2547957
12191414
913140
84488
4014657
145
344733
1996554
31926
4279819
62283
6515584
10641958
240993
735772
77758873
188190
17
280023
2037748
2474856
1131619
47602
53244
221388
13046
10854432
69108
1178622
550
74010
225617
858224
152
1799
2748
290762
594597
6846608
666995
32801632
6
24034840
13
43629486
951227
96
6
97144
1124006
340614
609189
74197
12670688
1765
4190211
19456842
433920
122028
29243147
2456303
1786315
2232866
14381
323
554044
528099
678127
914917
139
43973
22469434
19053871
59876
1201016
3679220
470098
958069
1300642
991845
18897
410089
1788242
6824561
2187137
3
13034
13
923420
3217
103141
360853
381558
1695377
2
63
12631
21
15265
13630
44
18936854
338
129917
11137
54898064
14667080
7295
200
15
1574946
95177
149
27888
514511
4496897
32183
122886
9978586
31
1784078
2445087
1804166
738549
11145089
20199
3031615
1352
7
3453099
1
584
94634840
846821
9049
255951
186983
2480924
682787
995464
35056
197552
4741
20515
3449
1270714
20748721
33319824
16408203
2
51
185585
116
11303
283484
24529794
229
11557568
4436225
873763
20839943
790981
3201351
7271271
73
7774061
5975943
2285920
46
1940808
398825
456844
9232
30215955
960853
3592
3233674
2561482
1893172
7450666
21202
444772
11120
1085803
4012
16658691
5581242
5
11
78
222560
305
4457056
26571197
151216
3041
1999
2237660
6
414040
12031325
364
3911486
1598610
873558
1885835
160
49303
966070
22118347
476728
66888
16221658
3374414
167
12968815
2027527
4430342
4406514
1128638
184137
7564405
37802
328
189
3234527
82163
126577621
397
336510
23794735
3
3
245256
1274246
263346
2
2071677
5059932
259579
423108
9
91
3082
2274
57
123709
2023764
75212132
79634
51300
4427734
18470226
14207695
49996
1
2785
1871047
1214780
200233
2577641
2500822
2190499
3444
22
3
496412
10802293
12348
2856797
6066347
2464294
28148624
38608324
2
28
117824
4123013
11384
16354356
24692949
4129147
863307
3431410
1648992
146507839
4791400
3891082
1010423
125981
392
1083
54150
208470189
248035
6112184
188061986
23138462
2105622
414
16892742
283
3789147
4144209
54
196822119
273
80563
947467
37662
2976
2417968
211241006
29042893
12
61349
1682
2144
119163
403001
3638385
7513868
268326
8946570
10282670
368332
16204139
3865640
5
8239032
1243593
14583
62707942
442
28955192
4
496307
17682
570
499966
167195
61172
1777529
185225
146708
12481
1274246
20579284
107804
935014
65687
4221685
32
16
2389476
1
2197708
1381693
388
658924
95071090
1640286
25291056
13
619926
9466
3
34
40292
2107968
11231877
37295
3447985
22
160
27786331
53630
4391331
1211
3149821
1597791
41443
27321443
4046459
5563923
568618
225735
3893394
441681
12818510
10
6120001
73
3574769
59928559
8776954
127781099
977079
201396
132382
5496
8389919
12897
17622
79439
353845
143
23290256
522
6606420
1059
15
236
3765028
142841
44
2782
1813
176
11105
3205060
