#timestamp:2025-12-30 09:26:38.433087
#header:count
1334883
2528312
250
1334883
479551
10
1334883
391666
250
1334883
1381453
10
2609129
2528312
41840
1012920
14835720
4523930
391666
14835720
4523930
1749032
14835720
4523930
1012920
459925
4523930
391666
459925
4523930
1749032
459925
4523930
1012920
14835720
1334883
391666
14835720
1334883
1749032
14835720
1334883
14
391666
36244344
4523930
438
36244344
14
438
36244344
14
1381453
36244344
4523930
1381453
36244344
36244344
288970
36244344
44715
36244344
1399115
7451973
2528312
2609129
2728943
2528312
2609129
276403
2528312
2609129
7451973
1012482
2609129
7451973
251557
2609129
1012920
12670688
2609129
391666
12670688
2609129
1749032
36244344
2609129
852805
10544
1334883
2528312
10544
1334883
2287271
4523930
2609129
227994
1533909
459925
1334883
2528312
121863
10
2609129
848084
1533909
459925
1334883
662825
3036719
1334883
459925
98992
1325361
459925
4523930
662825
1325361
459925
4523930
1012920
1325361
459925
4523930
1381453
3036719
2609129
4523930
479551
3036719
2609129
4523930
1749032
3036719
2609129
4523930
36244344
2528312
41840
2609129
2528312
121863
459925
36244344
658550
1533909
459925
36244344
2528312
1533909
459925
36244344
350855
3036719
2609129
7451973
2528312
3036719
2609129
7451973
1381453
3036719
2609129
7451973
492483
36244344
4523930
274015
36244344
4523930
852805
10544
1334883
14835720
848084
10544
1334883
14835720
1753902
10544
1334883
14835720
662065
1325361
459925
4523930
2609129
533369
1325361
459925
4523930
2609129
391666
3036719
2609129
7451973
4523930
391666
3036719
99
7451973
4523930
1381453
3036719
2609129
7451973
4523930
2528312
1533909
459925
36244344
4523930
391666
1533909
459925
36244344
4523930
274015
36244344
4523930
459925
216282
36244344
4523930
459925
46583
10544
1334883
14835720
1381453
1325361
459925
4523930
2609129
1012920
1325361
459925
4523930
2609129
848084
3036719
2609129
7451973
414
273528
3036719
2609129
7451973
414
1381453
1533909
459925
36244344
4523930
