#timestamp:2025-12-30 07:57:36.656636
#header:count
79851
10220614
1458075
1709781
7491903
428612
699302
481420
698213
780683
326559
1018612
315516
200
10223864
245567
70752
63500
10895
251068
26836
2488080
144017
4582
176191
25033
42036
16049150
595820
232039659
6672465
19402569
6299
593169291
3169724
52313
1633681
105742741
2034610
28565
1717
896180
7661811
2101105
6272
454094
60601561
224
18597973
9812
86914174
228748307
913441
4801
14413
15887370
5091
17849233970
88962973
11947976
868310
109961
8893
692609
33955
82213
469
1112747282
107654752
80052528
58623592
1582060
1639421
38686327
3812589
434967
5982882
426751
2870375
1459345
657592
1771584
2323452
10993951
10862842
209182
758411
10223864
1356723
582617
4197329
155561
2162683
1100297
4254157
2016238
56359398
40855663
1490297
303210
408599
2809424
3778084
11075893
183537163
569476
537352263
593169291
978405
1104151
1957551
1839326
18382871
19424781
43927632
986987
354388
554302
1936953
11637523617
1116000
11206879551
154355934
6351775
56205
3136348028
490921
454094
914210
35205
2863626
96484
13971410
16698
2263957167
255355807
233930
15677331
4231593
113925678
312148706
299574955
155696936
18762969
436286
1570429
