#timestamp:2025-12-30 08:02:08.750914
#header:count
283812
1107925
11306022
459925
44007524882
281934531
2476485
2973114
1533909
2609129
460185
9067075
119565
994094709
4523930
9565151
183733
20959155
1380035
2986860
75018948820
543367
5030235
57628813
587070
6802505908
5405252
16
919850
10111
960788
1334883
876047
23426182
351514575
14824459
1274246
328857
9
391125
90750250
16085115
14835720
133181
139398
1351608
1485030
521661092
1102769
717308
368218
9098501
13860668
464212226736
85426
314907
297845
1
278429
311663737
16816470
885729
606627622
376129
14802622
13614904
854713
6798769
2547786
32454121
19659246
1555864
177
14345735941
194081501
920110
3642045
1274246
91690
122028
90003
218613694
33302158
1810007
117477848
7548855
204544074
459925
1159221575
3036719
1042011
1093558
60340
72
4829607980
520878
5869026
215765477
8583388
2478571
7286865
8966
1017032
539979
165417463
5057211125
459925
3633744
518327
19545869
69264
1511778564
2233850
353075
2718195
19225208
2377927
7346931
16433081
2156169
1084056
89863
12670688
459925
202649
8966694
74468
21
3143191
27301880
17266
372207
391036
94864161
18938693
77646617468
186944
1143082
459925
11
24692
13794786
60892
9565151
1245336
9711831379
1705009
20567
8910
1360323800
2059977
2886675
709105
63092691
89132
224
5884963
7549165
130442932
115283980
1802370764
127537
145378
108291310961
36222852
440186
29688397
38082448
6951968
38
60614648
84804
3056510643
1613
363871
107808154
12318091961
3927958
140436498
28808107
44243491
15358920
11460602
27378
1526625
9202049281
717716
747613
121680445
396930
885081741
1
28
22605471
3461
340301
52749
30764058
1667568
1334883
56992293
728512
43289689
432142
11847782
24
687170
16121683
151500369
344882
221798
3036719
299494
2576640
16159297
28697712
6930334
3212
12670688
124927
1288928
954317
1068
6
502001560
931394
1415641
1768
31857545
3436506
177680094
115854
109819837
242786845
6578
10068462
12033433
200542501
235420417
46899
459925
4200194
36244344
763
4169130
25626
1394915
45071
43343044
735
2678174
1334883
144474509
8770614
149
436710
802140
26591968
2
943298
176
1226219
829639
24879
6901212690
115968104
9094502
120
10216806
42
48515468
1644741
182347075
211
782709780
813698
498621
1401902
16571
1
486554
410328
27039480
5500892
1866714
236669097
14848189
785208
2675867885
7246866
1835628
260
23512458
1298989
1333985
141280828
41554
1962041614
378799
5637455
2055671
34863638
347649
29
1274246
460185
259361
10919218
3957660
30826466
2591194
877826
992
250045
8786582
102118
127
6930334
140436
159774
1749032
387833
8
41255053
459925
103184347
21509570
43462819
13
243
3350499434
1365
2046723
33733
687938
75723
9631551
109567
2404277796
7924201
288892
260
30511650
1117547
3363280
1208
1401902
968944
23573656
4898
40701900
43130516885
48
2255207
6815
41263407
7598041
4018376
3440467108
6191108266
78673022863
12670688
80581
1097116
580834
9911754
49188
39749609
993826
1423
662825
1065990
35385517
1331546
3624977
2563380
144096
6019495
17797517
41224
86419138
7201953098
4716158263
1537006
90419130
19521101
1325361
817994676
761621040
446433
4230738
1235356
657708
78771931233
233863
57
17212051539
848
224384
53765709
4829607980
455
1756832
1320062
65833
13613824
174070516
1124770
356
1312127
4681531
198
600741041
760775
4304
378514
5783682388
3018509
3636397
266599
899370
98474517
2457
10799
7983415300
1750725
107
15169699
44028
215111956
2097160
2091068
1934752
1
1
1668276
10183
3940515
6232
29
179
2877
1203219
17363029
9425200
11210743
819332
67492
1086
10424626
866
40911741
4495017
5605668
100720
2318881848
58068643
20885030
1276002238
621177
368413500
567
263936
11525
1589417
6
1351
51108
854324
1989480
189828984
802140
3925741135
4407679
5912916
1222807
628217
4331869
4
1039230
1770929
8942
6223494
2511511293
62556
1341449
337
260
1551727
6348748
9384703
885780
1034
80274241
2924334
107578
1496571367
298
22199655
47745
