#timestamp:2025-12-29 22:33:16.291916
#header:count
283812
1107925
11306022
459925
None
None
2476485
2973114
1533909
2609129
460185
9067075
119565
None
4523930
9565151
183733
20959155
1380035
2986860
None
543367
None
57628813
587070
None
5405252
16
919850
10111
960788
1334883
876047
23426182
351514575
14824459
1274246
328857
9
391125
90750250
16085115
14835720
133181
139398
1351608
1485030
None
1102769
717308
368218
9098501
13860668
None
85426
314907
297845
1
278429
311663737
16816470
885729
606627622
376129
14802622
13614904
854713
6798769
2547786
32454121
None
1555864
177
None
194081501
920110
None
1274246
91690
122028
None
None
33302158
1810007
117477848
7548855
204544074
459925
1159221575
3036719
None
1093558
60340
None
None
520878
5869026
215765477
8583388
2478571
7286865
8966
1017032
None
165417463
None
459925
3633744
518327
19545869
69264
1511778564
2233850
353075
2718195
19225208
2377927
7346931
16433081
2156169
1084056
89863
12670688
459925
202649
8966694
74468
None
3143191
27301880
17266
372207
391036
94864161
18938693
None
186944
1143082
459925
None
24692
13794786
60892
9565151
1245336
None
1705009
20567
8910
None
2059977
2886675
709105
63092691
89132
224
5884963
7549165
130442932
None
None
127537
145378
None
None
440186
29688397
38082448
6951968
38
60614648
None
None
1613
363871
107808154
None
3927958
140436498
28808107
44243491
15358920
11460602
None
1526625
None
717716
747613
121680445
396930
None
1
28
22605471
3461
340301
52749
30764058
1667568
1334883
None
728512
43289689
432142
11847782
None
687170
16121683
None
344882
221798
3036719
299494
2576640
16159297
28697712
6930334
None
12670688
124927
1288928
954317
1068
6
None
931394
1415641
1768
31857545
3436506
177680094
115854
None
242786845
6578
10068462
None
200542501
235420417
46899
459925
4200194
36244344
763
4169130
25626
1394915
45071
43343044
735
2678174
1334883
144474509
8770614
149
436710
802140
26591968
2
943298
176
1226219
829639
24879
None
115968104
9094502
120
10216806
42
48515468
1644741
None
211
782709780
813698
498621
1401902
16571
1
486554
410328
27039480
5500892
1866714
236669097
14848189
785208
None
7246866
1835628
260
23512458
1298989
1333985
141280828
None
None
378799
5637455
2055671
34863638
347649
29
1274246
460185
259361
None
3957660
None
2591194
877826
992
250045
8786582
102118
127
6930334
140436
159774
1749032
387833
8
41255053
459925
103184347
21509570
43462819
13
243
None
1365
2046723
33733
687938
75723
9631551
109567
None
7924201
288892
260
30511650
1117547
3363280
1208
1401902
968944
23573656
4898
40701900
None
48
2255207
6815
None
7598041
None
3440467108
None
None
12670688
80581
1097116
580834
9911754
49188
None
993826
1423
662825
1065990
35385517
1331546
3624977
None
144096
6019495
17797517
41224
86419138
None
None
1537006
90419130
19521101
1325361
None
None
446433
4230738
1235356
657708
None
None
57
None
848
224384
53765709
None
None
1756832
1320062
None
13613824
None
1124770
356
1312127
4681531
198
None
760775
4304
378514
5783682388
None
3636397
266599
899370
None
None
10799
None
1750725
107
15169699
None
215111956
2097160
2091068
1934752
1
1
1668276
10183
3940515
6232
29
179
None
1203219
17363029
9425200
11210743
819332
67492
1086
10424626
866
40911741
None
5605668
100720
None
58068643
20885030
None
621177
None
567
263936
11525
1589417
None
1351
51108
854324
1989480
None
802140
None
4407679
5912916
None
628217
4331869
4
1039230
1770929
8942
6223494
None
62556
1341449
337
260
1551727
6348748
9384703
885780
1034
80274241
2924334
107578
None
298
22199655
47745
